year	CR_DF	CR_trad
1880	[0.5, 0.5]	[0.5, 0.5]
1881	[0.5, 0.5]	[0.5, 0.5]
1882	[0.5, 0.5]	[0.5, 0.5]
1883	[0.5, 0.5]	[0.5, 0.5]
1884	[0.5, 0.5]	[0.5, 0.5]
1885	[0.5, 0.5]	[0.5, 0.5]
1886	[0.5, 0.5]	[0.5, 0.5]
1887	[0.5, 0.5]	[0.5, 0.5]
1888	[0.5, 0.5]	[0.5, 0.5]
1889	[0.5, 0.5]	[0.5, 0.5]
1890	[0.5, 0.5]	[0.5, 0.5]
1891	[0.5, 0.5]	[0.5, 0.5]
1892	[0.5, 0.5]	[0.5, 0.5]
1893	[0.5, 0.5]	[0.5, 0.5]
1894	[0.5, 0.5]	[0.5, 0.5]
1895	[0.5, 0.5]	[0.5, 0.5]
1896	[0.5, 0.5]	[0.5, 0.5]
1897	[0.5, 0.5]	[0.5, 0.5]
1898	[0.5, 0.5]	[0.5, 0.5]
1899	[0.5, 0.5]	[0.5, 0.5]
1900	[0.5, 0.5]	[0.5, 0.5]
1901	[0.5, 0.5]	[0.5, 0.5]
1902	[0.5, 0.5]	[0.5, 0.5]
1903	[0.5, 0.5]	[0.5, 0.5]
1904	[0.5, 0.5]	[0.5, 0.5]
1905	[0.5, 0.5]	[0.5, 0.5]
1906	[0.5, 0.5]	[0.5, 0.5]
1907	[0.5, 0.5]	[0.5, 0.5]
1908	[0.5, 0.5]	[0.5, 0.5]
1909	[0.5, 0.5]	[0.5, 0.5]
1910	[0.5, 0.5]	[0.5, 0.5]
1911	[0.5, 0.5]	[0.5, 0.5]
1912	[0.5, 0.5]	[0.5, 0.5]
1913	[0.5, 0.5]	[0.5, 0.5]
1914	[0.5, 0.5]	[0.5, 0.5]
1915	[0.5, 0.5]	[0.5, 0.5]
1916	[0.5, 0.5]	[0.5, 0.5]
1917	[0.5, 0.5]	[0.5, 0.5]
1918	[0.5, 0.5]	[0.5, 0.5]
1919	[0.5, 0.5]	[0.5, 0.5]
1920	[0.5, 0.5]	[0.5, 0.5]
1921	[0.5, 0.5]	[0.5, 0.5]
1922	[0.5, 0.5]	[0.5, 0.5]
1923	[0.5, 0.5]	[0.5, 0.5]
1924	[0.5, 0.5]	[0.5, 0.5]
1925	[0.5, 0.5]	[0.5, 0.5]
1926	[0.5, 0.5]	[0.5, 0.5]
1927	[0.5, 0.5]	[0.5, 0.5]
1928	[0.5, 0.5]	[0.5, 0.5]
1929	[0.5, 0.5]	[0.5, 0.5]
1930	[0.5, 0.5]	[0.5, 0.5]
1931	[0.5, 0.5]	[0.5, 0.5]
1932	[0.5, 0.5]	[0.5, 0.5]
1933	[0.5, 0.5]	[0.5, 0.5]
1934	[0.5, 0.5]	[0.5, 0.5]
1935	[0.5, 0.5]	[0.5, 0.5]
1936	[0.5, 0.5]	[0.5, 0.5]
1937	[0.5, 0.5]	[0.5, 0.5]
1938	[0.5, 0.5]	[0.5, 0.5]
1939	[0.5, 0.5]	[0.5, 0.5]
1940	[0.5, 0.5]	[0.5, 0.5]
1941	[0.5, 0.5]	[0.5, 0.5]
1942	[0.5, 0.5]	[0.5, 0.5]
1943	[0.5, 0.5]	[0.5, 0.5]
1944	[0.5, 0.5]	[0.5, 0.5]
1945	[0.5, 0.5]	[0.5, 0.5]
1946	[0.5, 0.5]	[0.5, 0.5]
1947	[0.5, 0.5]	[0.5, 0.5]
1948	[0.5, 0.5]	[0.5, 0.5]
1949	[0.5, 0.5]	[0.5, 0.5]
1950	[0.5, 0.5]	[0.5, 0.5]
1951	[0.5, 0.5]	[0.5, 0.5]
1952	[0.5, 0.5]	[0.5, 0.5]
1953	[0.5, 0.5]	[0.5, 0.5]
1954	[0.5, 0.5]	[0.5, 0.5]
1955	[0.5, 0.5]	[0.5, 0.5]
1956	[0.5, 0.5]	[0.5, 0.5]
1957	[0.5, 0.5]	[0.5, 0.5]
1958	[0.5, 0.5]	[0.5, 0.5]
1959	[0.5, 0.5]	[0.5, 0.5]
1960	[0.5, 0.5]	[0.5, 0.5]
1961	[0.5, 0.5]	[0.5, 0.5]
1962	[0.5, 0.5]	[0.5, 0.5]
1963	[0.5, 0.5]	[0.5, 0.5]
1964	[0.5, 0.5]	[0.5, 0.5]
1965	[0.5, 0.5]	[0.5, 0.5]
1966	[0.5, 0.5]	[0.5, 0.5]
1967	[0.5, 0.5]	[0.5, 0.5]
1968	[0.5, 0.5]	[0.5, 0.5]
1969	[0.5, 0.5]	[0.5, 0.5]
1970	[0.5, 0.5]	[0.5, 0.5]
1971	[0.5, 0.5]	[0.5, 0.5]
1972	[0.5, 0.5]	[0.5, 0.5]
1973	[0.5, 0.5]	[0.5, 0.5]
1974	[0.5, 0.5]	[0.5, 0.5]
1975	[0.5, 0.5]	[0.5, 0.5]
1976	[0.5, 0.5]	[0.5, 0.5]
1977	[0.5, 0.5]	[0.5, 0.5]
1978	[0.5, 0.5]	[0.5, 0.5]
1979	[0.5, 0.5]	[0.5, 0.5]
1980	[0.5, 0.5]	[0.5, 0.5]
1981	[0.5, 0.5]	[0.5, 0.5]
1982	[0.5, 0.5]	[0.5, 0.5]
1983	[0.5, 0.5]	[0.5, 0.5]
1984	[0.5, 0.5]	[0.5, 0.5]
1985	[0.5, 0.5]	[0.5, 0.5]
1986	[0.5, 0.5]	[0.5, 0.5]
1987	[0.5, 0.5]	[0.5, 0.5]
1988	[0.5, 0.5]	[0.5, 0.5]
1989	[0.5, 0.5]	[0.5, 0.5]
1990	[0.5, 0.5]	[0.5, 0.5]
1991	[0.5, 0.5]	[0.5, 0.5]
1992	[0.5, 0.5]	[0.5, 0.5]
1993	[0.5, 0.5]	[0.5, 0.5]
1994	[0.5, 0.5]	[0.5, 0.5]
1995	[0.5, 0.5]	[0.5, 0.5]
1996	[0.5, 0.5]	[0.5, 0.5]
1997	[0.5, 0.5]	[0.5, 0.5]
1998	[0.5, 0.5]	[0.5, 0.5]
1999	[0.5, 0.5]	[0.5, 0.5]
2000	[0.5, 0.5]	[0.5, 0.5]
2001	[0.5, 0.5]	[0.5, 0.5]
2002	[0.5, 0.5]	[0.5, 0.5]
2003	[0.5, 0.5]	[0.5, 0.5]
2004	[0.5, 0.5]	[0.5, 0.5]
2005	[0.5, 0.5]	[0.5, 0.5]
2006	[0.5, 0.5]	[0.5, 0.5]
2007	[0.5, 0.5]	[0.5, 0.5]
2008	[0.5, 0.5]	[0.5, 0.5]
2009	[0.5, 0.5]	[0.5, 0.5]
2010	[0.5, 0.5]	[0.5, 0.5]
2011	[0.5, 0.5]	[0.5, 0.5]
2012	[0.5, 0.5]	[0.5, 0.5]
2013	[0.5, 0.5]	[0.5, 0.5]
2014	[0.5, 0.5]	[0.5, 0.5]
2015	[0.5, 0.5]	[0.5, 0.5]
2016	[0.5, 0.5]	[0.5, 0.5]
2017	[0.5, 0.5]	[0.5, 0.5]
2018	[0.5, 0.5]	[0.5, 0.5]
2019	[0.5, 0.5]	[0.5, 0.5]
2020	[0.5, 0.5]	[0.5, 0.5]
